      0/99     8.02G     0.985      1.89     0.963      3.84         0         0       125       416     0.298     0.549     0.407     0.366      1.39      3.21      3.81
      1/99     8.37G      0.93      1.46     0.703      3.09         0         0       178       416     0.375     0.539     0.432     0.409      1.47      3.42      3.71
      2/99     8.37G      1.06      1.48     0.863       3.4         0         0       160       416       0.4     0.483     0.397     0.411      1.49      3.28      3.38
      3/99     8.38G      1.12      1.44     0.984      3.54         0         0       145       416     0.399     0.514     0.414     0.424       1.5      2.96      3.15
      4/99     8.38G      1.17      1.63      1.16      3.96         0         0       130       416     0.323     0.473     0.374     0.344      1.56      3.07      3.42
      5/99     8.38G      1.22      1.64      1.27      4.13         0         0       137       416     0.314     0.496     0.396     0.347      1.48      2.78      3.45
      6/99     8.38G      1.09      1.71      1.31      4.11         0         0       150       416     0.377     0.553     0.461     0.414      1.33       2.6      3.13
      7/99     8.38G      1.03      1.63      1.22      3.88         0         0       139       416     0.389     0.566     0.465     0.426      1.35      2.57      2.83
      8/99     8.38G     0.998      1.51       1.1      3.61         0         0       166       416      0.39     0.528     0.436     0.416      1.43      2.68      2.68
      9/99     8.38G      0.98       1.5     0.938      3.42         0         0       168       416       0.4     0.555     0.454      0.44      1.32      2.65      2.46
     10/99     8.38G     0.948      1.39     0.931      3.27         0         0       151       416     0.396      0.55      0.43     0.432      1.29      2.73      2.52
     11/99     8.38G     0.949      1.32     0.812      3.08         0         0       126       416     0.415     0.573     0.462     0.453      1.32      2.68      2.38
     12/99     8.38G     0.931      1.29     0.807      3.03         0         0       147       416     0.413     0.575     0.473     0.458      1.34      2.68      2.52
     13/99     8.38G     0.949      1.29     0.817      3.06         0         0       139       416      0.41     0.554     0.457     0.444      1.35      2.78      2.57
     14/99     8.38G     0.924      1.28     0.749      2.96         0         0       122       416     0.373     0.569     0.459     0.424      1.37       2.8      2.47
     15/99     8.38G     0.921      1.23     0.725      2.88         0         0       156       416     0.415     0.556     0.456     0.444      1.26      2.71       2.5
     16/99     8.38G     0.922      1.19     0.685       2.8         0         0       140       416     0.447      0.51     0.423     0.434      1.28      2.85      2.56
     17/99     8.38G     0.906      1.17     0.657      2.73         0         0       143       416     0.425     0.488     0.406     0.424      1.33      2.86      2.58
     18/99     8.38G       0.9      1.16     0.753      2.81         0         0       131       416     0.433     0.509     0.426     0.434      1.32      2.81       2.6
     19/99     8.38G     0.914      1.16     0.748      2.82         0         0       165       416     0.449     0.506     0.405     0.443      1.39      2.86      2.59
     20/99     8.38G     0.901      1.08     0.608      2.59         0         0       152       416     0.427     0.514     0.416     0.445      1.39      2.91      2.48
     21/99     8.38G     0.907      1.16     0.681      2.74         0         0       138       416     0.414     0.503     0.404     0.425      1.36      2.93      2.47
     22/99     8.38G     0.883      1.11     0.625      2.62         0         0       152       416      0.43     0.497     0.397     0.433      1.32         3      2.44
     23/99     8.38G     0.899      1.07     0.635       2.6         0         0       153       416     0.434     0.522     0.427     0.444      1.34      2.96      2.37
     24/99     8.38G     0.889      1.14     0.641      2.67         0         0       158       416      0.43     0.535     0.447      0.45      1.37      3.04      2.35
     25/99     8.38G     0.888      1.09      0.63      2.61         0         0       143       416     0.429     0.549     0.456     0.461      1.38      2.91      2.48
     26/99     8.38G     0.906      1.11     0.613      2.63         0         0       160       416     0.416     0.527     0.433     0.439      1.37         3      2.55
     27/99     8.38G     0.881      1.09      0.57      2.54         0         0       134       416     0.426     0.507     0.431     0.442      1.33      2.92      2.32
     28/99     8.38G     0.904      1.03     0.648      2.58         0         0       146       416     0.438     0.501     0.429     0.449      1.34      3.01      2.33
     29/99     8.38G      0.88      1.06     0.613      2.56         0         0       152       416      0.45     0.485     0.421     0.445      1.29      2.89      2.23
     30/99     8.38G      0.88      1.07     0.592      2.54         0         0       167       416     0.448     0.514      0.44     0.455      1.32      2.96      2.19
     31/99     8.38G     0.889      1.05     0.607      2.54         0         0       136       416     0.459     0.513     0.451     0.455      1.33      2.91      2.12
     32/99     8.38G     0.866      1.05     0.665      2.58         0         0       150       416     0.471      0.55     0.469     0.487      1.38      2.95       2.3
     33/99     8.38G     0.869      1.08     0.617      2.57         0         0       164       416     0.493     0.547      0.47     0.492      1.35      3.01      2.31
     34/99     8.38G     0.871      1.06     0.564      2.49         0         0       149       416     0.476     0.585      0.48     0.498      1.35      2.96      2.43
     35/99     8.38G     0.868      1.08     0.602      2.55         0         0       149       416     0.468     0.548     0.456     0.485      1.29      2.93      2.26
     36/99     8.38G     0.867      1.06     0.613      2.54         0         0       152       416     0.458     0.524     0.427     0.466       1.3      2.99       2.4
     37/99     8.38G     0.872      1.01     0.631      2.52         0         0       153       416     0.441     0.525     0.424     0.459       1.3      2.99      2.44
     38/99     8.38G     0.876     0.993     0.552      2.42         0         0       130       416     0.459     0.534     0.435      0.47      1.34      3.01      2.51
     39/99     8.38G     0.855      1.04     0.568      2.46         0         0       175       416     0.486     0.542      0.45     0.483      1.28      2.98      2.51
     40/99     8.38G     0.855      1.02     0.559      2.44         0         0       168       416     0.481     0.544     0.455     0.488      1.32         3      2.51
     41/99     8.38G     0.873     0.994      0.59      2.46         0         0       134       416     0.467     0.545     0.443     0.479      1.28      2.98      2.51
     42/99     8.38G     0.857      1.03     0.566      2.45         0         0       147       416     0.469     0.545     0.471     0.483      1.35      3.11      2.63
     43/99     8.38G     0.853      0.96     0.491       2.3         0         0       149       416     0.488     0.553     0.479     0.493      1.35      2.93      2.56
     44/99     8.38G     0.858      1.01     0.539      2.41         0         0       149       416     0.453     0.568      0.49     0.482      1.36      2.94      2.58
     45/99     8.38G     0.874      1.02     0.569      2.46         0         0       134       416      0.47     0.579      0.49     0.498      1.36      2.86      2.69
     46/99     8.38G     0.844     0.965     0.506      2.31         0         0       158       416     0.479     0.556     0.489     0.498      1.37      2.89      2.88
     47/99     8.38G     0.859      1.02     0.532      2.41         0         0       148       416     0.475     0.557     0.495     0.495      1.34      2.96      2.71
     48/99     8.38G     0.862     0.974     0.503      2.34         0         0       158       416     0.481     0.548     0.462     0.495      1.35      3.02      2.67
     49/99     8.38G     0.863     0.972     0.561       2.4         0         0       123       416     0.479     0.541     0.468     0.488      1.31      2.91      2.55
     50/99     8.38G     0.854     0.999      0.53      2.38         0         0       173       416       0.5      0.52     0.452     0.485      1.31      2.98      2.47
     51/99     8.38G     0.839     0.972     0.505      2.32         0         0       155       416     0.483     0.531     0.464     0.483      1.29      2.97      2.57
     52/99     8.38G      0.84     0.939     0.576      2.35         0         0       149       416     0.498      0.52     0.459     0.486      1.27      3.09      2.43
     53/99     8.38G     0.845     0.951     0.589      2.39         0         0       171       416     0.485     0.537     0.476     0.491      1.36      3.08      2.44
     54/99     8.38G     0.838     0.948     0.547      2.33         0         0       143       416     0.476     0.559     0.489     0.491      1.33       3.1      2.35
     55/99     8.38G     0.825     0.939     0.524      2.29         0         0       123       416     0.465      0.56      0.49     0.478      1.34      3.01      2.44
     56/99     8.38G     0.842     0.999     0.556       2.4         0         0       141       416     0.458     0.561     0.498     0.474      1.36      3.05      2.66
     57/99     8.38G     0.843     0.926     0.561      2.33         0         0       134       416     0.494     0.571     0.508     0.498      1.31      2.98      2.57
     58/99     8.38G     0.842     0.942     0.498      2.28         0         0       150       416     0.453     0.553     0.486     0.477      1.35      2.97      2.48
     59/99     8.38G      0.83     0.967     0.502       2.3         0         0       137       416     0.524     0.562     0.494     0.514      1.39      3.08      2.53
     60/99     8.38G     0.841      0.93     0.568      2.34         0         0       141       416       0.5     0.547     0.482     0.495      1.32      3.12      2.72
     61/99     8.38G     0.835         1     0.549      2.38         0         0       158       416      0.47     0.536     0.467     0.476      1.36       3.1      2.81
     62/99     8.38G     0.846      0.97     0.544      2.36         0         0       147       416     0.491     0.522     0.455     0.477      1.35      3.15      2.68
     63/99     8.38G     0.851     0.965     0.469      2.29         0         0       151       416     0.558     0.525     0.455     0.515      1.37      3.17      2.73
     64/99     8.38G     0.828     0.971     0.507      2.31         0         0       144       416       0.5     0.502     0.437     0.485      1.47      3.19      2.66
     65/99     8.38G      0.81     0.938     0.501      2.25         0         0       175       416     0.533     0.544     0.476     0.516      1.41      3.19       2.5
     66/99     8.38G     0.829     0.948     0.473      2.25         0         0       138       416     0.488     0.532      0.46     0.486      1.46       3.1      2.36
     67/99     8.38G     0.848     0.935     0.527      2.31         0         0       147       416     0.508     0.504      0.45     0.484      1.33      3.22      2.42
     68/99     8.38G     0.865     0.968     0.554      2.39         0         0       155       416     0.513     0.476     0.439     0.473      1.35      3.42       2.5
     69/99     8.38G     0.836     0.953     0.487      2.28         0         0       170       416     0.436     0.498     0.435     0.447      1.29      3.19      2.36
     70/99     8.38G     0.837     0.939     0.474      2.25         0         0       164       416     0.475     0.508     0.432     0.461       1.3      3.29      2.42
     71/99     8.38G      0.78     0.939     0.484       2.2         0         0       171       416     0.498     0.509     0.429     0.479      1.28      3.27      2.34
     72/99     8.38G     0.739     0.916     0.552      2.21         0         0       179       416     0.501     0.508     0.432      0.48      1.28      3.24      2.34
     73/99     8.38G     0.726     0.894     0.458      2.08         0         0       142       416       0.5     0.522     0.448     0.487      1.28      3.21      2.33
     74/99     8.38G     0.709     0.886     0.438      2.03         0         0       160       416     0.507     0.521     0.447      0.49      1.29      3.24      2.29
     75/99     8.38G     0.708     0.866     0.421      1.99         0         0       156       416     0.507     0.531     0.454     0.497      1.29      3.25       2.3
     76/99     8.38G      0.69      0.89     0.414      1.99         0         0       151       416     0.508     0.534     0.453     0.499      1.29      3.23      2.32
     77/99     8.38G     0.686     0.866     0.412      1.96         0         0       137       416     0.506     0.541     0.467     0.503      1.28      3.18       2.3
     78/99     8.38G     0.696      0.85     0.435      1.98         0         0       136       416     0.507     0.535     0.462     0.503      1.28       3.2      2.27
     79/99     8.38G     0.683     0.853     0.483      2.02         0         0       166       416     0.516     0.533     0.461     0.507      1.28      3.18      2.29
     80/99     8.38G     0.676     0.858     0.433      1.97         0         0       181       416     0.515     0.515     0.453     0.494      1.28      3.24      2.25
     81/99     8.38G     0.665     0.819     0.383      1.87         0         0       171       416     0.509     0.536     0.458     0.502      1.28      3.23      2.24
     82/99     8.38G     0.664     0.841     0.401      1.91         0         0       134       416     0.498     0.524     0.454     0.492      1.27      3.25      2.21
     83/99     8.38G     0.676     0.833     0.392       1.9         0         0       160       416     0.501     0.508     0.444     0.485      1.27      3.29      2.23
     84/99     8.38G     0.667     0.838     0.356      1.86         0         0       154       416     0.496     0.518     0.455     0.486      1.27      3.25      2.23
     85/99     8.38G     0.658     0.818     0.412      1.89         0         0       147       416     0.499     0.518     0.456     0.489      1.27      3.27      2.19
     86/99     8.38G     0.638     0.805     0.348      1.79         0         0       151       416     0.507     0.518     0.455     0.494      1.26      3.24      2.17
     87/99     8.38G     0.656     0.818       0.4      1.87         0         0       167       416     0.526     0.519     0.453     0.497      1.27      3.27      2.14
     88/99     8.38G     0.645     0.763     0.326      1.73         0         0       153       416     0.514     0.515     0.458     0.495      1.28      3.29      2.12
     89/99     8.38G     0.636     0.818     0.304      1.76         0         0       137       416     0.507     0.507     0.448     0.486      1.28      3.27      2.13
     90/99     8.38G     0.656     0.796     0.367      1.82         0         0       157       416     0.507     0.513     0.455      0.49      1.26      3.28      2.14
     91/99     8.38G     0.647     0.811     0.387      1.85         0         0       141       416     0.512     0.511     0.453     0.493      1.26      3.27      2.15
     92/99     8.38G     0.653      0.77     0.415      1.84         0         0       139       416     0.493     0.513     0.451     0.484      1.26      3.28      2.13
     93/99     8.38G      0.66     0.791     0.433      1.88         0         0       141       416       0.5     0.511     0.456     0.489      1.26      3.29      2.13
     94/99     8.38G     0.655     0.802     0.419      1.88         0         0       175       416     0.513     0.516      0.46     0.498      1.26      3.29      2.13
     95/99     8.38G     0.637     0.785     0.358      1.78         0         0       176       416     0.517     0.517      0.46     0.499      1.26       3.3      2.12
     96/99     8.38G     0.635     0.832     0.367      1.83         0         0       150       416     0.517     0.517     0.457     0.493      1.27      3.29      2.14
     97/99     8.38G     0.632     0.778     0.351      1.76         0         0       154       416     0.518     0.524     0.458     0.501      1.26      3.28      2.14
     98/99     8.38G     0.633     0.832     0.363      1.83         0         0       163       416     0.539     0.512     0.457     0.503      1.26      3.31      2.15
     99/99     8.38G     0.645     0.841     0.341      1.83         0         0       155       416     0.199     0.673      0.51     0.273      1.26      3.32      2.14
